GenderCode,(All),,,
,,,,
Count of FirstName,Column Labels,,,
Row Labels,Full-Time,Part-Time,Temporary,Grand Total
BPC,41,40,69,150
CCDR,57,44,44,145
EW,54,53,47,154
MSC,39,55,63,157
NEL,50,50,54,154
PL,57,40,46,143
PYZ,50,51,56,157
SVG,56,48,63,167
TNS,52,49,49,150
WBL,48,47,61,156
Grand Total,504,477,552,1533
